# Multi test

sec/n/threads	256.213400	524288	32
sec/n/threads	246.638400	524288	64
sec/n/threads	246.629000	524288	128
sec/n/threads	246.630600	524288	256
sec/n/threads	124.905400	524288	512
sec/n/threads	64.574200	524288	1024
sec/n/threads	34.285000	524288	2048
sec/n/threads	19.117600	524288	4096
sec/n/threads	12.051800	524288	8192
sec/n/threads	9.959800	524288	16384
sec/n/threads	9.572000	524288	32768
sec/n/threads	9.142000	524288	65536
sec/n/threads	11.441000	524288	131072
sec/n/threads	11.621400	524288	262144
